98,0
0,9
0,463
0,305
0,308
0,304
0,303
0,302
0,307
0,12
0,10
0,8
0,0
0,536
0,563
0,300
0,487
0,512
0,299
0,446
0,406
0,298
0,549
0,454
0,297
0,517
0,511
0,296
0,529
0,451
0,295
0,416
0,510
0,294
0,486
0,293
0,445
0,543
0,292
0,485
0,291
0,441
0,509
0,290
0,484
0,443
0,289
0,508
0,288
0,507
0,434
0,287
0,554
0,548
0,286
0,483
0,573
0,285
0,562
0,284
0,482
0,469
0,283
0,561
0,427
0,282
0,481
0,438
0,281
0,525
0,431
0,280
0,480
0,532
0,279
0,564
0,278
0,449
0,277
0,560
0,550
0,276
0,479
0,275
0,433
0,478
0,274
0,575
0,432
0,273
0,535
0,477
0,272
0,501
0,421
0,271
0,542
0,426
0,270
0,567
0,422
0,269
0,418
0,475
0,268
0,500
0,424
0,267
0,516
0,474
0,266
0,522
0,265
0,547
0,473
0,264
0,499
0,263
0,344
0,472
0,262
0,450
0,570
0,261
0,565
0,521
0,260
0,471
0,415
0,259
0,520
0,258
0,470
0,257
0,419
0,495
0,256
0,519
0,255
0,518
0,254
0,530
0,400
0,253
0,410
0,399
0,252
0,515
0,398
0,251
0,569
0,397
0,250
0,556
0,396
0,249
0,458
0,395
0,248
0,428
0,394
0,247
0,534
0,393
0,246
0,405
0,392
0,245
0,391
0,244
0,558
0,390
0,242
98,1
98,3
104,3
105,0
106,0
106,1
107,0
107,3
108,0
108,3
109,0
109,3
110,1
110,3
111,3
112,0
112,3
113,1
114,0
249,3
249,1
248,3
114,1
115,0
116,0
116,1
117,1
118,0
118,3
119,0
119,3
120,1
120,3
121,1
121,3
122,1
122,3
122,0
121,0
120,0
119,1
118,1
117,0
115,1
248,1
248,0
249,0
113,3
112,1
111,1
110,0
109,1
108,1
107,1
106,4
105,1
104,1
0,389
0,241
0,541
0,388
0,240
0,403
0,387
0,239
0,386
0,238
0,545
0,385
0,237
0,546
0,384
0,236
0,544
0,383
0,235
0,494
0,382
0,234
0,553
0,381
0,233
0,408
0,380
0,232
0,404
0,379
0,231
0,339
0,378
0,230
0,413
0,377
0,229
0,447
0,376
0,228
0,539
0,375
0,227
0,528
0,374
0,226
0,504
0,373
0,225
0,506
0,372
0,224
0,452
0,371
0,223
0,526
0,370
0,222
0,493
0,369
0,221
0,368
0,220
0,429
0,219
0,342
0,366
0,218
0,365
0,217
0,559
0,364
0,216
0,551
0,363
0,215
0,362
0,214
0,492
0,361
0,213
0,337
0,360
0,212
0,359
0,211
0,557
0,358
0,210
0,555
0,357
0,209
0,341
0,356
0,208
0,505
0,355
0,207
0,430
0,354
0,206
0,490
0,353
0,205
0,476
0,352
0,204
0,340
0,351
0,203
0,324
0,350
0,202
0,462
